1 1 1 1 1 1 1 1 1 1 1 1 1 1 1 1 1 1 1 1 1 1 1 1 1 1 1 1 1 1 1 1 1 1 1 1 1 1 1 1 1 1 1 1 1 1 1 1 1 1
1 0 0 0 0 0 0 0 0 0 0 0 0 0 0 0 0 0 0 0 0 0 0 0 0 0 0 0 2 0 0 0 0 0 0 0 0 0 0 0 0 0 0 0 0 0 0 0 0 1
1 0 0 0 0 0 0 0 0 0 0 0 0 0 0 0 2 0 0 0 0 0 0 0 2 0 0 0 0 0 0 5 0 0 8 0 0 0 0 2 8 0 2 2 0 0 0 0 0 1
1 0 0 0 0 0 9 9 0 0 9 9 2 0 0 0 0 0 0 0 0 0 0 0 0 9 9 0 0 9 0 0 9 9 0 0 9 0 2 0 0 9 0 9 9 0 0 0 0 1
1 1 1 1 1 1 1 1 1 1 1 1 1 1 1 1 1 0 0 0 0 0 0 0 1 1 1 1 1 1 1 1 1 1 1 1 1 1 1 1 1 1 1 1 1 0 2 0 1 1
1 0 0 0 0 0 0 0 0 0 0 0 0 0 0 0 1 0 0 0 0 4 0 0 1 0 0 0 0 0 0 0 0 0 0 0 0 0 0 0 0 0 0 0 1 0 0 0 0 1
1 0 0 0 0 8 0 0 0 0 0 0 0 0 0 0 1 9 9 9 0 0 0 1 1 0 0 0 0 0 0 0 0 0 0 0 0 0 0 0 0 0 0 0 1 9 0 0 0 1
1 0 0 9 1 0 0 0 0 2 0 0 2 0 0 0 1 1 1 1 1 1 1 1 1 0 0 0 0 0 0 0 0 0 0 0 0 0 0 0 0 0 0 0 1 1 0 2 9 1
1 4 0 1 1 1 0 8 0 0 5 0 0 0 0 0 0 0 0 0 0 0 0 0 0 0 0 0 0 0 0 0 0 0 0 0 0 0 0 0 0 0 0 0 1 0 0 0 1 1
1 0 0 1 1 1 0 0 0 9 0 0 0 0 0 0 0 0 0 0 0 0 2 0 0 0 0 0 0 0 0 0 0 0 0 0 0 0 0 0 0 0 0 0 1 0 0 0 0 1
1 1 1 1 1 1 1 1 1 1 1 0 9 0 0 0 0 0 0 0 0 0 0 0 0 0 0 0 0 0 0 0 0 0 0 0 0 0 0 0 0 0 0 0 1 9 2 0 0 1
1 0 0 0 0 0 0 0 0 0 1 1 1 1 0 0 0 0 0 0 0 0 0 8 0 0 0 0 0 0 0 5 0 0 0 0 0 0 0 0 0 0 0 0 1 1 0 0 9 1
1 0 0 0 0 0 0 0 0 0 1 0 0 0 0 0 8 9 2 0 9 2 0 0 0 0 0 0 0 0 9 0 0 0 0 0 0 0 0 0 0 0 0 0 1 0 0 0 1 1
1 0 0 0 0 0 0 0 0 0 1 0 0 0 2 0 0 1 1 1 1 1 1 1 3 3 3 3 3 1 1 1 1 0 0 4 0 0 0 0 0 0 0 0 1 0 0 2 0 1
1 0 0 0 0 0 0 0 0 0 1 0 0 0 0 2 1 1 0 0 0 0 0 1 1 1 1 1 1 1 0 0 1 0 0 0 0 0 0 0 0 0 0 0 1 9 0 0 0 1 
1 0 0 0 0 0 0 0 0 0 0 0 2 0 0 1 1 0 0 0 0 0 0 0 0 0 0 0 0 0 0 0 1 0 0 1 1 0 0 0 0 2 0 0 1 1 2 0 9 1
1 0 6 7 0 0 0 0 0 0 0 2 0 2 1 1 0 0 0 0 0 0 0 0 0 0 0 0 0 0 0 0 0 0 0 0 0 0 0 8 0 0 0 0 0 0 0 0 1 1
1 0 0 0 0 0 0 0 5 0 0 0 0 1 1 4 0 0 2 8 2 0 2 8 0 8 0 0 8 0 0 0 0 0 0 0 0 0 0 0 0 0 5 0 0 0 0 0 0 1
1 0 0 9 0 0 0 9 0 0 9 2 1 1 0 0 0 0 0 0 0 9 0 0 9 0 0 9 0 0 0 0 1 3 3 3 3 3 3 1 0 9 0 9 0 9 0 9 0 1
1 1 1 1 1 1 1 1 1 1 1 1 1 1 1 1 1 1 1 1 1 1 1 1 1 1 1 1 1 1 1 1 1 1 1 1 1 1 1 1 1 1 1 1 1 1 1 1 1 1
